&雷霆
威斯布鲁克 2 5 1
乔治 2 3 2
安东尼 3 1 0
亚当斯 1 0 1
罗伯森 0 1 3
阿布里内斯 0 2 1
格兰特 1 2 1
帕特森 2 0 0
费尔顿 1 2 0
弗格森 1 1 0
&火箭
哈登 3 4 1
保罗 2 3 3
阿里扎 1 2 2
安德森 2 1 0
卡佩拉 1 2 1
戈登 2 2 0
塔克 2 1 2
巴莫特 0 2 1
内内 1 1 0
周琦 0 1 1
&勇士
库里 2 5 1
杜兰特 3 3 2
格林 1 2 3
帕楚里亚 1 0 1
汤普森 1 3 2
伊戈达拉 0 3 2
利文斯顿 2 1 0
尼克杨 2 2 0
麦基 1 1 1
乔丹贝尔 0 1 1
&骑士
詹姆斯 3 5 3
托马斯 3 1 0
乐福 2 3 0
韦德 1 1 0
罗斯 1 2 0
汤普森 0 1 2
香珀特 1 1 1
JR史密斯 0 3 0
克劳德 1 1 2
科沃尔 1 2 0
&凯尔特人
欧文 2 3 0
海沃德 2 2 1
霍福德 1 2 1
塔特姆 0 2 0
布朗 1 2 0
斯玛特 0 2 2
贝恩斯 0 1 1
莫里斯 1 1 1
罗奇尔 0 2 0
拉金 0 2 0
